20
[1]
[2]
[2,1]
[10,12]
[1,2]
[1,10,12,2]
[1,2]
[3,4]
[4,1,2,3]
[12,10]
[8,7]
[12,8,7,10]
[15,20,25]
[12,26,29]
[12,15,25,26,20,29]
[13,26,35]
[14,5,27]
[5,13,14,26,27,35]
[31,45,23]
[35,85,68]
[35,31,85,68,45,23]
[52,65,85]
[87,58,66]
[87,52,65,66,58,85]
[1,5,2]
[3,4,6]
[1,2,3,4,5,6]
[12,24,52,65]
[65,85,78,98]
[12,24,65,52,85,65,98,78]
[1,7,3,9]
[2,6,4,8]
[1,2,3,4,6,7,8,9]
[12,25,65,45,52]
[67,75,96,98,87]
[67,12,75,96,98,25,87,65,45,52]
[20,50,29,43,46]
[45,21,44,37,31]
[20,50,29,45,21,44,46,43,37,31]
[43,13,35,17,24,27]
[19,41,23,47,30,37]
[43,19,13,35,41,17,23,24,47,27,30,37]
[94,116,117,85,70,86]
[78,109,65,91,84,69]
[94,116,78,109,117,65,91,85,84,70,69,86]
[129,120,121,124,144,123,135]
[145,132,149,139,146,148,147]
[129,120,121,145,132,124,144,149,139,146,135,123,148,147]
[199,422,145,400,171,460,238]
[167,402,473,297,420,237,326]
[167,199,422,402,145,473,400,297,420,171,460,237,238,326]
[1423,1525,1463,1348,1305,1465,1608,1445]
[1410,1362,1773,1454,1699,1639,1343,1558]
[1410,1423,1525,1463,1348,1305,1773,1454,1699,1465,1608,1362,1445,1639,1343,1558]
[2399,2058,2481,2407,1850,2303,2418,2084,2223,2159,2461,2157,1905]
[1892,2149,1889,2051,2195,2214,2288,2044,2028,2225,1907,1865,2361]
[1892,2149,2399,1889,2051,2058,2481,2195,2407,1850,2303,2418,2214,2288,2044,2084,2223,2159,2461,2028,2157,2225,1907,1865,2361,1905]
[2461,2709,2649,2206,2497,2264,2995,2843,2974,2480,2518,2706,2878,2238,2903,2661,2469,2562]
[2235,2786,2990,2216,2627,2928,2930,2686,2481,2276,2360,2839,2251,2617,2931,2333,2459,2311]
[2461,2709,2649,2235,2786,2206,2990,2216,2497,2264,2627,2928,2930,2686,2481,2276,2360,2995,2843,2974,2480,2518,2706,2839,2251,2878,2238,2617,2931,2459,2333,2903,2661,2469,2311,2562]